onbmCircle,216,480,740C1B93,0,1,1,4294967295,0,0
onbmCircle,80,448,A4B1D5D5,0,1,1,4294967295,0,0
onbmCircle,136,512,FD7CB125,0,1,1,4294967295,0,0
onbmCircle,40,536,8EF708E2,0,1,1,4294967295,0,0
onbmCircle,152,336,A2DA6EC2,0,1,1,4294967295,0,0
onbmCircle,240,368,22A4083B,0,1,1,4294967295,0,0
onbmCircle,136,424,FF7D1B68,0,1,1,4294967295,0,0
onbmCircle,88,304,BEC7A1B3,0,1,1,4294967295,0,0
onbmCircle,184,224,27FEB10A,0,1,1,4294967295,0,0
onbmCircle,256,288,01B12719,0,1,1,4294967295,0,0
onbmCircle,312,336,E95B621C,0,1,1,4294967295,0,0
onbmCircle,272,120,96791C3B,0,1,1,4294967295,0,0
onbmCircle,104,72,7D8CC7FC,0,1,1,4294967295,0,0
onbmCircle,64,192,2E558F78,0,1,1,4294967295,0,0
onbmCircle,128,240,A2D69C64,0,1,1,4294967295,0,0
onbmCircle,136,112,1EE6A463,0,1,1,4294967295,0,0
onbmCircle,280,48,724B36B9,0,1,1,4294967295,0,0
onbmCircle,432,112,141D0317,0,1,1,4294967295,0,0
onbmCircle,616,144,5523B4B5,0,1,1,4294967295,0,0
onbmCircle,664,304,FAF13F7A,0,1,1,4294967295,0,0
onbmCircle,504,400,1887C5A1,0,1,1,4294967295,0,0
onbmCircle,576,480,0AAF12BD,0,1,1,4294967295,0,0
onbmCircle,360,520,865BA6F2,0,1,1,4294967295,0,0
onbmCircle,512,576,9C9D4B25,0,1,1,4294967295,0,0
onbmCircle,440,304,23ED93F8,0,1,1,4294967295,0,0
onbmCircle,400,248,EAD96D6F,0,1,1,4294967295,0,0
onbmCircle,352,272,35F3AF43,0,1,1,4294967295,0,0
onbmCircle,400,328,1F1D01BD,0,1,1,4294967295,0,0
onbmCircle,672,328,44D4F64D,0,1,1,4294967295,0,0
onbmCircle,696,424,6FECF7AC,0,1,1,4294967295,0,0
onbmCircle,480,472,DF7BDD98,0,1,1,4294967295,0,0
onbmCircle,552,528,E06E42AD,0,1,1,4294967295,0,0
onbmCircle,672,496,1A8C3407,0,1,1,4294967295,0,0
onbmCircle,736,528,566754CC,0,1,1,4294967295,0,0
onbmCircle,744,568,2686BFA0,0,1,1,4294967295,0,0
onbmCircle,760,312,4406995F,0,1,1,4294967295,0,0
onbmCircle,712,120,E258B18C,0,1,1,4294967295,0,0
onbmCircle,696,16,15DD933E,0,1,1,4294967295,0,0
onbmCircle,536,48,B1A2E8FF,0,1,1,4294967295,0,0
onbmCircle,568,120,B880C430,0,1,1,4294967295,0,0
onbmCircle,568,232,D69889F6,0,1,1,4294967295,0,0
onbmCircle,584,344,9949B6B3,0,1,1,4294967295,0,0
onbmCircle,624,408,D3A736CE,0,1,1,4294967295,0,0
onbmCircle,752,384,CF2BAF0B,0,1,1,4294967295,0,0
onbmCircle,688,224,DDD51046,0,1,1,4294967295,0,0
onbmCircle,376,168,B395C099,0,1,1,4294967295,0,0
onbmCircle,488,192,7E674E60,0,1,1,4294967295,0,0
onbmCircle,256,168,60B70AEB,0,1,1,4294967295,0,0
onbmCircle,232,552,9BC46677,0,1,1,4294967295,0,0
onbmCircle,408,544,71D40FFE,0,1,1,4294967295,0,0
onbmCircle,24,568,D8BAA768,0,1,1,4294967295,0,0
onbmCircle,176,576,81560378,0,1,1,4294967295,0,0
onbmCircle,56,360,B7EF1821,0,1,1,4294967295,0,0
onbmCircle,48,112,79350278,0,1,1,4294967295,0,0
onbmSquare,208,72,7B4B767D,0,1,1,4294967295,0,0
onbmSquare,168,160,EF57F7D3,0,1,1,4294967295,0,0
onbmSquare,40,296,FFA5822D,0,1,1,4294967295,0,0
onbmSquare,224,424,BEB158E5,0,1,1,4294967295,0,0
onbmSquare,104,560,1F265B72,0,1,1,4294967295,0,0
onbmSquare,496,520,AF0DCD45,0,1,1,4294967295,0,0
onbmSquare,728,456,B5CB494F,0,1,1,4294967295,0,0
onbmSquare,616,536,57D98E05,0,1,1,4294967295,0,0
onbmSquare,560,584,92C91A0E,0,1,1,4294967295,0,0
onbmSquare,624,264,7C8B9946,0,1,1,4294967295,0,0
onbmSquare,744,216,572E87A2,0,1,1,4294967295,0,0
onbmSquare,632,192,4827A68C,0,1,1,4294967295,0,0
onbmSquare,648,56,5515A858,0,1,1,4294967295,0,0
onbmSquare,768,128,EC5FE832,0,1,1,4294967295,0,0
onbmSquare,488,136,857C77D0,0,1,1,4294967295,0,0
onbmSquare,440,24,12644E0A,0,1,1,4294967295,0,0
onbmSquare,368,80,B1E0EDE7,0,1,1,4294967295,0,0
onbmSquare,328,16,42E0EE60,0,1,1,4294967295,0,0
onbmSquare,96,168,24E812C2,0,1,1,4294967295,0,0
onbmSquare,192,280,43528E01,0,1,1,4294967295,0,0
onbmSquare,312,216,A182D18E,0,1,1,4294967295,0,0
onbmSquare,440,192,80042D0A,0,1,1,4294967295,0,0
onbmSquare,512,296,6068C6C3,0,1,1,4294967295,0,0
onbmSquare,456,368,E70E14DE,0,1,1,4294967295,0,0
onbmSquare,408,432,18E55CA4,0,1,1,4294967295,0,0
onbmSquare,456,536,8368CC25,0,1,1,4294967295,0,0
onbmSquare,296,584,AA869299,0,1,1,4294967295,0,0
onbmSquare,568,392,F7900BB3,0,1,1,4294967295,0,0
onbmSquare,176,16,6D9A59CC,0,1,1,4294967295,0,0
onbmSquare,88,16,D8097EBA,0,1,1,4294967295,0,0
onbmSquare,16,88,A76CD35D,0,1,1,4294967295,0,0
onbmSquare,16,208,295EF5EC,0,1,1,4294967295,0,0
onbmSquare,24,400,1CE1E509,0,1,1,4294967295,0,0
onbmSquare,176,376,C60B5D8D,0,1,1,4294967295,0,0
onbmSquare,512,248,53ECBB86,0,1,1,4294967295,0,0
onbmCircle,304,536,00861341,0,1,1,4294967295,0,0
onbmCircle,340,448,B848EB3B,0,1,1,4294967295,0,0
onbmCircle,276,428,F8994AE4,0,1,1,4294967295,0,0
Warp,736,576,FC884C79,0,1,1,4294967295,0,1
Block,800,0,E0A73D69,0,1,19,4294967295,0,0
Block,-32,0,17B0ECED,0,1,19,4294967295,0,0
Block,0,-32,759F2E65,0,25,1,4294967295,0,0
MusicPlayer,32,32,003C2ED2,0,1,1,4294967295,0,1
onbBlockmaker2,400,304,30777ABB,0,1,1,4294967295,0,0
PlayerStart,337,335,96BD2CE7,0,1,1,4294967295,0,0
