onbDown,160,305,D1A39EC3,0,1,1,4294967295,0,0
onbSquare,208,336,A1E9980B,0,1,1,4294967295,0,0
onbUp,224,271,F04698C3,0,1,1,4294967295,0,0
onbmLeft,263,320,8207C6BB,0,1,1,4294967295,0,0
onbmDown,232,305,1D63226E,0,1,1,4294967295,0,0
onbCircle,240,232,C0AE8E05,0,1,1,4294967295,0,0
onbmCircle,169,290,41F70DAA,0,1,1,4294967295,0,0
onbmRight,281,272,F6481528,0,1,1,4294967295,0,0
onbRight,313,290,251B2798,0,1,1,4294967295,0,0
onbLeft,336,352,F8811BBB,0,1,1,4294967295,0,0
onbmSquare,281,288,9E84F735,0,1,1,4294967295,0,0
onbmUp,289,351,9D402170,0,1,1,4294967295,0,0
MusicPlayer,32,32,003C2ED2,0,1,1,4294967295,0,1
onbBlockh1,160,288,195B39AF,0,1,1,4294967295,0,0
onbBlockh1,224,288,830820E2,0,1,1,4294967295,0,0
onbBlockh3,208,352,A71F2D40,0,1,1,4294967295,0,0
onbBlockh2,176,352,E5C2A61C,0,1,1,4294967295,0,0
onbBlockv2,192,336,8BD30D4C,0,1,1,4294967295,0,0
onbBlockv3,192,368,4F4A8F48,0,1,1,4294967295,0,0
onbBlockh3,336,352,98057E7A,0,1,1,4294967295,0,0
onbBlockh4,304,352,9135580C,0,1,1,4294967295,0,0
onbBlockh2,272,352,8CEF09D6,0,1,1,4294967295,0,0
onbBlockv2,264,272,9599ED80,0,1,1,4294967295,0,0
onbBlockv3,264,304,9A943214,0,1,1,4294967295,0,0
onbBlockh4,281,289,4B4F26B9,0,1,1,4294967295,0,0
SavePointHard,304,335,383BAE2B,0,1,1,4294967295,0,0
PlayerStart,177,335,96BD2CE7,0,1,1,4294967295,0,0
