onnUp,128,544,54E66A64,0,1,1,4294967295,0,0
onnUp,160,544,B39CF7A8,0,1,1,4294967295,0,0
onnUp,192,544,E5FEFEAD,0,1,1,4294967295,0,0
onnUp,224,544,64B89303,0,1,1,4294967295,0,0
onnLeft,128,448,8DA18573,0,1,1,4294967295,0,0
onnDown,160,448,BCD9A447,0,1,1,4294967295,0,0
onnRight,192,448,CB7310BE,0,1,1,4294967295,0,0
MusicPlayer,32,32,003C2ED2,0,1,1,4294967295,0,1
onnBlock,64,576,2EFD894E,0,1,1,4294967295,0,0
onnBlock,96,576,63EA0107,0,1,1,4294967295,0,0
onnBlock,128,576,EE1E6B9B,0,1,1,4294967295,0,0
onnBlock,192,576,FD52D56C,0,1,1,4294967295,0,0
onnBlock,160,576,F63929F2,0,1,1,4294967295,0,0
onnBlock,224,576,E3F5717B,0,1,1,4294967295,0,0
SavePointHard,96,544,8A99A868,0,1,1,4294967295,0,0
PlayerStart,64,544,96BD2CE7,0,1,1,4294967295,0,0
onnHitbox1,64,544,43ED2262,0,1,1,4294967295,0,0
