onbDown,608,36,B709CCA3,0,1,1,4294967295,0,0
onbUp,608,112,608EABAE,0,1,1,4294967295,0,0
onbUp,576,112,8C5518B0,0,1,1,4294967295,0,0
onbSquare,480,144,F1C875F7,0,1,1,4294967295,0,0
onbUp,496,208,69187165,0,1,1,4294967295,0,0
onbUp,560,80,489686D8,0,1,1,4294967295,0,0
onbDown,560,112,9CB1787D,0,1,1,4294967295,0,0
onbUp,480,112,1A589A07,0,1,1,4294967295,0,0
onbUp,528,208,828F0A79,0,1,1,4294967295,0,0
onbUp,560,208,FA1A2141,0,1,1,4294967295,0,0
onbSquare,368,320,CD43E674,0,1,1,4294967295,0,0
onbmSquare,400,336,A09556B5,0,1,1,4294967295,0,0
onbSquare,416,320,2EF77068,0,1,1,4294967295,0,0
onbSquare,464,320,94763A80,0,1,1,4294967295,0,0
onbmSquare,448,336,DCE61042,0,1,1,4294967295,0,0
onbUp,592,208,7EA87B9C,0,1,1,4294967295,0,0
onbUp,368,32,C2E3D2F5,0,1,1,4294967295,0,0
onbSquare,624,4,D3572E63,0,1,1,4294967295,0,0
onbUp,288,240,7B9916F3,0,1,1,4294967295,0,0
onbUp,336,240,B82CCCCA,0,1,1,4294967295,0,0
onbCircle,316,236,0AEA9420,0,1,1,4294967295,0,0
onbDown,328,0,4275E9CF,0,1,1,4294967295,0,0
onbLeft,272,48,0E3C42E1,0,1,1,4294967295,0,0
onbRight,208,80,0D029869,0,1,1,4294967295,0,0
onbCircle,240,0,5AC0D79C,0,1,1,4294967295,0,0
onbDown,192,172,EE465BA4,0,1,1,4294967295,0,0
onbSquare,112,113,58C915D9,0,1,1,4294967295,0,0
onbRight,144,232,ABBDFE82,0,1,1,4294967295,0,0
onbUp,624,208,187B285E,0,1,1,4294967295,0,0
onbmUp,656,224,0B6154EF,0,1,1,4294967295,0,0
onbCircle,132,264,9A2CA643,0,1,1,4294967295,0,0
onbSquare,96,81,343E5F54,0,1,1,4294967295,0,0
onbSquare,128,0,FA06A100,0,1,1,4294967295,0,0
onbDown,336,64,756C69CA,0,1,1,4294967295,0,0
onbCircle,304,128,51022837,0,1,1,4294967295,0,0
onbCircle,336,144,508B972B,0,1,1,4294967295,0,0
onbUp,272,352,CE137140,0,1,1,4294967295,0,0
onbmRight,64,48,5B17768F,0,1,1,4294967295,0,0
onbmLeft,48,48,8DDE6244,0,1,1,4294967295,0,0
onbmSquare,52,176,58B80657,0,1,1,4294967295,0,0
onbmCircle,58,36,35C7F521,0,1,1,4294967295,0,0
onbUp,192,204,9582F751,0,1,1,4294967295,0,0
onbmRight,144,120,3254A652,0,1,1,4294967295,0,0
onbmCircle,192,165,E761EC8F,0,1,1,4294967295,0,0
onbmCircle,212,165,5C6A224E,0,1,1,4294967295,0,0
onbmCircle,202,165,764B199D,0,1,1,4294967295,0,0
onbDown,240,320,5176569B,0,1,1,4294967295,0,0
onbDown,288,352,4F88EB63,0,1,1,4294967295,0,0
onbUp,304,352,EF646CE0,0,1,1,4294967295,0,0
onbDown,320,352,BEB8398B,0,1,1,4294967295,0,0
onbUp,336,352,9700AE53,0,1,1,4294967295,0,0
onbSquare,304,448,0CA6C338,0,1,1,4294967295,0,0
onbUp,400,552,4BA9E029,0,1,1,4294967295,0,0
onbDown,304,480,62C9E76B,0,1,1,4294967295,0,0
onbDown,336,480,03D09B83,0,1,1,4294967295,0,0
onbDown,352,352,E5B7146F,0,1,1,4294967295,0,0
onbSquare,504,464,026D011A,0,1,1,4294967295,0,0
onbSquare,480,496,5F9B31BB,0,1,1,4294967295,0,0
onbSquare,480,528,088D4A97,0,1,1,4294967295,0,0
onbUp,384,448,A78E5192,0,1,1,4294967295,0,0
onbUp,392,384,7888B2C4,0,1,1,4294967295,0,0
onbDown,392,416,88F3FA05,0,1,1,4294967295,0,0
onbLeft,432,336,52A46F8A,0,1,1,4294967295,0,0
onbCircle,472,420,3AE326D4,0,1,1,4294967295,0,0
onbUp,408,416,F5AFB21C,0,1,1,4294967295,0,0
onbDown,408,448,1BE13C32,0,1,1,4294967295,0,0
onbRight,464,336,E08FD561,0,1,1,4294967295,0,0
onbUp,240,288,19CF6070,0,1,1,4294967295,0,0
onbmSquare,384,568,E933F020,0,1,1,4294967295,0,0
onbmSquare,368,568,90293826,0,1,1,4294967295,0,0
onbmCircle,312,388,DD0B7E06,0,1,1,4294967295,0,0
onbmCircle,332,388,619EF488,0,1,1,4294967295,0,0
onbmCircle,348,404,FB474064,0,1,1,4294967295,0,0
onbmCircle,356,388,15883D20,0,1,1,4294967295,0,0
onbmLeft,544,368,1691A055,0,1,1,4294967295,0,0
onbmCircle,554,448,EB96FFCA,0,1,1,4294967295,0,0
onbmCircle,558,460,85C70425,0,1,1,4294967295,0,0
onbmCircle,558,472,1F372AC6,0,1,1,4294967295,0,0
onbmCircle,558,484,EBC4388B,0,1,1,4294967295,0,0
onbmCircle,558,496,63B9FBA7,0,1,1,4294967295,0,0
onbmCircle,558,508,5A50C1F5,0,1,1,4294967295,0,0
onbmCircle,554,520,D501E380,0,1,1,4294967295,0,0
onbmCircle,554,532,A8A84BE0,0,1,1,4294967295,0,0
onbmCircle,554,544,03E3EEC5,0,1,1,4294967295,0,0
onbmCircle,554,556,A699916D,0,1,1,4294967295,0,0
onbmCircle,554,568,F93CC94C,0,1,1,4294967295,0,0
onbmCircle,554,580,B443ECD1,0,1,1,4294967295,0,0
onbmCircle,554,592,215A2B0B,0,1,1,4294967295,0,0
onbmCircle,554,604,D9C2F083,0,1,1,4294967295,0,0
onbmCircle,578,340,DBD1DAD6,0,1,1,4294967295,0,0
onbmCircle,578,328,EAC35F7F,0,1,1,4294967295,0,0
onbmCircle,578,316,4371272F,0,1,1,4294967295,0,0
onbmCircle,578,304,B04F540E,0,1,1,4294967295,0,0
onbmCircle,578,292,CE73CC86,0,1,1,4294967295,0,0
onbmCircle,578,280,535CA4BF,0,1,1,4294967295,0,0
onbmCircle,578,268,D7881D62,0,1,1,4294967295,0,0
onbmCircle,578,256,3AAB1EA9,0,1,1,4294967295,0,0
onbmCircle,578,244,914787CB,0,1,1,4294967295,0,0
onbmCircle,610,384,4B38F877,0,1,1,4294967295,0,0
onbmCircle,610,396,B32F6C1D,0,1,1,4294967295,0,0
onbmCircle,610,408,57586FED,0,1,1,4294967295,0,0
onbmCircle,610,420,E9FF9792,0,1,1,4294967295,0,0
onbmCircle,610,432,1DC85450,0,1,1,4294967295,0,0
onbmCircle,610,444,B5B11616,0,1,1,4294967295,0,0
onbmCircle,610,456,750DB0FB,0,1,1,4294967295,0,0
onbmCircle,610,468,06FBEE01,0,1,1,4294967295,0,0
onbmCircle,610,480,9463BDD7,0,1,1,4294967295,0,0
onbmCircle,610,492,22FA838B,0,1,1,4294967295,0,0
onbmCircle,610,504,14581902,0,1,1,4294967295,0,0
onbmCircle,610,516,FD19D0A7,0,1,1,4294967295,0,0
onbmCircle,610,528,7B940427,0,1,1,4294967295,0,0
onbmCircle,610,540,3B75AFD6,0,1,1,4294967295,0,0
onbmCircle,610,552,F41EBD05,0,1,1,4294967295,0,0
onbmCircle,610,564,7ED6496F,0,1,1,4294967295,0,0
onbmCircle,610,576,FFD13672,0,1,1,4294967295,0,0
onbmCircle,610,588,A628B8B9,0,1,1,4294967295,0,0
onbmCircle,610,600,0438CDC8,0,1,1,4294967295,0,0
onbmSquare,641,336,DD6772B0,0,1,1,4294967295,0,0
onbmSquare,657,336,643037FA,0,1,1,4294967295,0,0
onbmSquare,673,336,56146AD1,0,1,1,4294967295,0,0
onbmSquare,689,336,B66ED161,0,1,1,4294967295,0,0
onbmSquare,705,336,7036241F,0,1,1,4294967295,0,0
onbmSquare,721,336,E07BA292,0,1,1,4294967295,0,0
onbmSquare,737,336,69F9F3DC,0,1,1,4294967295,0,0
onbmSquare,753,336,6424C374,0,1,1,4294967295,0,0
onbmSquare,769,336,E12BB22D,0,1,1,4294967295,0,0
onbmSquare,784,336,1BDDC426,0,1,1,4294967295,0,0
onbmSquare,692,519,606CF201,0,1,1,4294967295,0,0
onbmSquare,753,519,C08E4AC4,0,1,1,4294967295,0,0
onbmCircle,682,560,5DE9B3D0,0,1,1,4294967295,0,0
onbmCircle,684,571,64981944,0,1,1,4294967295,0,0
onbmCircle,691,580,107F1600,0,1,1,4294967295,0,0
onbmCircle,701,585,5AA4800F,0,1,1,4294967295,0,0
onbmCircle,711,589,3BDF5BF3,0,1,1,4294967295,0,0
onbmCircle,722,590,923AB204,0,1,1,4294967295,0,0
onbmCircle,733,590,0F23236A,0,1,1,4294967295,0,0
onbmCircle,743,584,774434DE,0,1,1,4294967295,0,0
onbmCircle,754,578,6C87B063,0,1,1,4294967295,0,0
onbmCircle,762,569,025C9517,0,1,1,4294967295,0,0
onbmCircle,768,559,A943AFE6,0,1,1,4294967295,0,0
onbDown,714,545,E632B549,0,1,1,4294967295,0,0
onbUp,672,304,0E415AA6,0,1,1,4294967295,0,0
onbUp,704,304,BEB49D69,0,1,1,4294967295,0,0
onbUp,736,304,C1972590,0,1,1,4294967295,0,0
onbUp,768,304,1147EECB,0,1,1,4294967295,0,0
onbDown,496,240,19B8F67D,0,1,1,4294967295,0,0
onbDown,544,240,AACE5C46,0,1,1,4294967295,0,0
onbDown,592,240,A7FC60DE,0,1,1,4294967295,0,0
onbDown,624,240,47F4D295,0,1,1,4294967295,0,0
onbmUp,640,320,2C89F949,0,1,1,4294967295,0,0
onbmUp,656,320,86ED5297,0,1,1,4294967295,0,0
onbDown,320,512,E62C8E92,0,1,1,4294967295,0,0
onbmDown,416,480,26569108,0,1,1,4294967295,0,0
Warp,768,144,6E779ED7,0,1,1,4294967295,0,1
Block,800,-32,1110685F,0,1,21,4294967295,0,0
Block,-32,-32,E765A101,0,1,21,4294967295,0,0
MusicPlayer,0,0,003C2ED2,0,1,1,4294967295,0,1
onbBlockh4,768,128,D5164124,0,1,1,4294967295,0,0
onbBlockh4,736,128,6403A7D9,0,1,1,4294967295,0,0
onbBlockh4,704,128,D88004EB,0,1,1,4294967295,0,0
onbBlockh4,672,128,4EE33693,0,1,1,4294967295,0,0
onbBlockh4,640,128,7508E73E,0,1,1,4294967295,0,0
onbBlockh4,608,128,949C334F,0,1,1,4294967295,0,0
onbBlockh4,768,320,75D11454,0,1,1,4294967295,0,0
onbBlockh4,736,320,A1A28866,0,1,1,4294967295,0,0
onbBlockh4,704,320,8855C008,0,1,1,4294967295,0,0
onbBlockh4,672,320,C9AF1520,0,1,1,4294967295,0,0
onbBlockv4,544,384,C5AE0174,0,1,1,4294967295,0,0
onbBlockh4,608,224,3FAB2BA4,0,1,1,4294967295,0,0
onbBlockh4,576,224,09C2BF32,0,1,1,4294967295,0,0
onbBlockh4,544,224,52B159A0,0,1,1,4294967295,0,0
onbBlockh4,512,224,3091EFF1,0,1,1,4294967295,0,0
onbBlockh4,496,224,53E2A917,0,1,1,4294967295,0,0
onbBlockh4,496,224,1DD3934A,0,1,1,4294967295,0,0
onbBlockv4,480,240,4355CEEF,0,1,1,4294967295,0,0
onbBlockv4,480,272,4FC5E75F,0,1,1,4294967295,0,0
onbBlockv4,480,304,005CB741,0,1,1,4294967295,0,0
onbBlockv4,480,336,35269C3F,0,1,1,4294967295,0,0
onbBlockv4,480,368,78921D81,0,1,1,4294967295,0,0
onbBlockv4,480,400,147A2C09,0,1,1,4294967295,0,0
onbBlockv4,480,432,81C1A34B,0,1,1,4294967295,0,0
onbBlockh4,464,336,5CC16876,0,1,1,4294967295,0,0
onbBlockh4,432,336,6A6843E5,0,1,1,4294967295,0,0
onbBlockh4,400,336,4C942DC2,0,1,1,4294967295,0,0
onbBlockh4,368,336,6F5BBCBB,0,1,1,4294967295,0,0
onbBlockv4,352,304,B4A3DA14,0,1,1,4294967295,0,0
onbBlockh4,320,256,26B62FD7,0,1,1,4294967295,0,0
onbBlockh4,288,256,B2D4ADBE,0,1,1,4294967295,0,0
onbBlockv4,383,127,DAC3F320,0,1,1,4294967295,0,0
onbBlockh4,336,48,D03ED54A,0,1,1,4294967295,0,0
onbBlockv4,192,80,A97F159F,0,1,1,4294967295,0,0
onbBlockv4,192,48,9671ECBD,0,1,1,4294967295,0,0
onbBlockv4,192,16,A8646187,0,1,1,4294967295,0,0
onbBlockv4,192,-16,0872DA97,0,1,1,4294967295,0,0
onbBlockh4,336,464,5BA3DCA4,0,1,1,4294967295,0,0
onbBlockh4,576,128,7285C679,0,1,1,4294967295,0,0
onbBlockv4,383,95,17365FB5,0,1,1,4294967295,0,0
onbBlockv4,383,159,1F74762A,0,1,1,4294967295,0,0
onbBlockh4,368,48,EB0F29E3,0,1,1,4294967295,0,0
onbBlockh4,304,48,DC9CB865,0,1,1,4294967295,0,0
onbBlockh4,336,256,A2E566E5,0,1,1,4294967295,0,0
onbBlockh4,336,256,B4002BD9,0,1,1,4294967295,0,0
onbBlockv4,352,320,6C2F5AA2,0,1,1,4294967295,0,0
onbBlockv4,352,320,D123F6ED,0,1,1,4294967295,0,0
onbBlockv4,480,208,DC79E7DF,0,1,1,4294967295,0,0
onbBlockh4,640,320,3E49D2FD,0,1,1,4294967295,0,0
onbBlockv4,625,335,978D3132,0,1,1,4294967295,0,0
onbBlockv4,544,368,6F89E63A,0,1,1,4294967295,0,0
onbBlockv4,544,368,6AA9BC04,0,1,1,4294967295,0,0
onbBlockv4,568,352,A08C3E7D,0,1,1,4294967295,0,0
onbBlockv4,600,352,4071D70B,0,1,1,4294967295,0,0
onbBlockh4,368,464,773D6328,0,1,1,4294967295,0,0
onbBlockh4,400,464,FCF56373,0,1,1,4294967295,0,0
onbBlockh4,304,464,4775A71E,0,1,1,4294967295,0,0
onbBlockv4,272,272,AF560ADA,0,1,1,4294967295,0,0
onbBlockh4,272,368,1B21A4B2,0,1,1,4294967295,0,0
onbBlockv4,128,232,5E97B5E0,0,1,1,4294967295,0,0
onbBlockv4,112,81,FB34AB14,0,1,1,4294967295,0,0
onbBlockh4,192,156,9FC11F77,0,1,1,4294967295,0,0
onbBlockh4,480,160,2CB1E659,0,1,1,4294967295,0,0
onbBlockh4,480,128,78E345ED,0,1,1,4294967295,0,0
onbBlockv4,544,416,924CD89C,0,1,1,4294967295,0,0
onbBlockh4,400,568,35D6A5F5,0,1,1,4294967295,0,0
onbBlockh4,368,568,EDBD9CB6,0,1,1,4294967295,0,0
onbBlockh4,640,224,D7B0EDAC,0,1,1,4294967295,0,0
onbBlockh4,608,20,309DDD9C,0,1,1,4294967295,0,0
onbBlockv4,48,144,1B3FF139,0,1,1,4294967295,0,0
onbBlockh4,80,128,CA2F2F21,0,1,1,4294967295,0,0
onbBlockv4,48,112,5EE81D40,0,1,1,4294967295,0,0
JumpBlock,480,177,E27E18BA,0,1,0.5,4294967295,0,0
onbBlockv4,383,63,6DFF10DF,0,1,1,4294967295,0,0
CoinFlip,16,128,58A90004,0,1,1,4294967295,0,0
onbBlockv4,112,0,B9FF07BC,0,1,1,4294967295,0,0
onbBlockv4,48,80,C1B51FCD,0,1,1,4294967295,0,0
onbBlockv4,48,48,3D7A0AD6,0,1,1,4294967295,0,0
SavePointHard,656,112,008B81AC,0,1,1,4294967295,0,0
SavePointHard,328,32,166454BB,0,1,1,4294967295,0,0
SavePointHard,112,176,278A0E9C,0,1,1,4294967295,180,0
onbBlockh4,304,368,8A9BAD8B,0,1,1,4294967295,0,0
onbBlockh4,336,368,F134E99B,0,1,1,4294967295,0,0
SavePointHard,304,416,11D16271,0,1,1,4294967295,180,0
SavePointHard,416,616,4DBCFF95,0,1,1,4294967295,180,0
CoinNormal,520,242,EF4E845D,0,1,1,4294967295,0,0
CoinFlip,572,574,4CE21EB9,0,1,1,4294967295,0,0
CoinNormal,656,252,F1AB7342,0,1,1,4294967295,0,0
CoinFlip,681,354,5F195510,0,1,1,4294967295,0,0
PlayerStart,753,111,96BD2CE7,0,1,1,4294967295,0,0
