onbSquareb,768,576,4BB13157,0,1,1,4294967295,0,0
onbSquareb,736,576,2FDED5B2,0,1,1,4294967295,0,0
onbSquareb,752,432,E4D8EE34,0,1,1,4294967295,0,0
onbUpb,640,448,7A024CEA,0,1,1,4294967295,0,0
onbDownb,640,416,0F72D88D,0,1,1,4294967295,0,0
onbDownb,720,328,0AF0D2BD,0,1,1,4294967295,0,0
onbLeftb,688,384,5686296A,0,1,1,4294967295,0,0
onbLeftb,464,480,C562CE03,0,1,1,4294967295,0,0
onbCircleb,412,576,0058A311,0,1,1,4294967295,0,0
onbSquareb,288,560,08294655,0,1,1,4294967295,0,0
onbSquareb,192,572,CF83347C,0,1,1,4294967295,0,0
onbSquareb,160,572,FF0366B1,0,1,1,4294967295,0,0
onbRightb,16,480,9137460B,0,1,1,4294967295,0,0
onbRightb,16,448,309D53EE,0,1,1,4294967295,0,0
onbRightb,16,416,9926A826,0,1,1,4294967295,0,0
onbRightb,16,384,DB1F011E,0,1,1,4294967295,0,0
onbCircleb,140,432,FE9253D2,0,1,1,4294967295,0,0
onbUpb,240,400,300940A0,0,1,1,4294967295,0,0
onbRightb,296,364,7C162B1E,0,1,1,4294967295,0,0
onbSquareb,272,284,E6FC6781,0,1,1,4294967295,0,0
onbCircleb,192,164,1938D88C,0,1,1,4294967295,0,0
onbDownb,168,272,8067E240,0,1,1,4294967295,0,0
onbUpb,168,208,448CFD8E,0,1,1,4294967295,0,0
onbUpb,172,98,10B3C81D,0,1,1,4294967295,0,0
onbLeftb,208,64,E1894E75,0,1,1,4294967295,0,0
onbRightb,192,16,FB50D47B,0,1,1,4294967295,0,0
onbRightb,352,64,62E64CA6,0,1,1,4294967295,0,0
onbSquareb,448,368,F1636C77,0,1,1,4294967295,0,0
onbRightb,512,288,DD6EE87C,0,1,1,4294967295,0,0
onbCircleb,660,228,4C9F8298,0,1,1,4294967295,0,0
onbUpb,672,160,CAC5DC74,0,1,1,4294967295,0,0
onbRightb,580,120,B5A1BF1D,0,1,1,4294967295,0,0
Warp,752,48,B82B27AF,0,1,1,4294967295,0,1
Block,800,0,BAE7F4F9,0,1,19,4294967295,0,0
Block,-32,0,CE6AD5E9,0,1,19,4294967295,0,0
MusicPlayer,16,16,003C2ED2,0,1,1,4294967295,0,1
onbBlockkv,0,480,0D25617A,0,1,1,4294967295,0,0
onbBlockkv,0,448,ADCB67F0,0,1,1,4294967295,0,0
onbBlockkv,0,416,F274A5C6,0,1,1,4294967295,0,0
onbBlockkv,0,384,1E9C1A71,0,1,1,4294967295,0,0
onbBlockkv,50,384,FCA07F4D,0,1,1,4294967295,0,0
onbBlockkh,136,352,C61501D4,0,1,1,4294967295,0,0
onbBlockkh,184,372,7352B106,0,1,1,4294967295,0,0
onbBlockkh,48,560,F43E05BA,0,1,1,4294967295,0,0
onbBlockkh,192,528,8EB806E8,0,1,1,4294967295,0,0
onbBlockkh,272,576,F72485F3,0,1,1,4294967295,0,0
onbBlockkh,304,576,F3449E98,0,1,1,4294967295,0,0
onbBlockkh,336,576,211D4D04,0,1,1,4294967295,0,0
onbBlockkh,368,576,9D0D4E9F,0,1,1,4294967295,0,0
onbBlockkv,272,560,D0E19FCC,0,1,1,4294967295,0,0
onbBlockkv,448,560,48E2391D,0,1,1,4294967295,0,0
onbBlockkh,480,576,DE378008,0,1,1,4294967295,0,0
onbBlockkh,448,576,AEE94118,0,1,1,4294967295,0,0
onbBlockkh,512,576,D6504E1B,0,1,1,4294967295,0,0
onbBlockkh,544,576,40D44819,0,1,1,4294967295,0,0
onbBlockkv,432,480,B6E3D2F3,0,1,1,4294967295,0,0
onbBlockkv,432,448,42C57631,0,1,1,4294967295,0,0
onbBlockkv,480,480,1716640A,0,1,1,4294967295,0,0
onbBlockkv,480,448,CA2DBD4D,0,1,1,4294967295,0,0
onbBlockkh,496,432,DB4D7573,0,1,1,4294967295,0,0
onbBlockkh,624,496,103D3723,0,1,1,4294967295,0,0
onbBlockkh,656,496,21B0C6D7,0,1,1,4294967295,0,0
onbBlockkh,688,496,DFD6A845,0,1,1,4294967295,0,0
onbBlockkh,720,496,22576736,0,1,1,4294967295,0,0
onbBlockkv,640,480,A6077487,0,1,1,4294967295,0,0
onbBlockkv,768,352,D47C5D0F,0,1,1,4294967295,0,0
onbBlockkv,768,384,4DAD20F4,0,1,1,4294967295,0,0
onbBlockkv,768,416,7B655E36,0,1,1,4294967295,0,0
onbBlockkv,768,448,1D8AC752,0,1,1,4294967295,0,0
onbBlockkh,752,448,13BE1A30,0,1,1,4294967295,0,0
onbBlockkh,624,400,C070F08C,0,1,1,4294967295,0,0
onbBlockkh,656,400,0CA94D4B,0,1,1,4294967295,0,0
onbBlockkh,688,400,F0DD858E,0,1,1,4294967295,0,0
onbBlockkh,656,240,C0889ED3,0,1,1,4294967295,0,0
onbBlockkh,608,176,E4B82976,0,1,1,4294967295,0,0
onbBlockkh,640,176,4D177940,0,1,1,4294967295,0,0
onbBlockkh,576,176,4685B29C,0,1,1,4294967295,0,0
onbBlockkv,656,192,3F481267,0,1,1,4294967295,0,0
onbBlockkv,656,224,6B8C6080,0,1,1,4294967295,0,0
onbBlockkh,672,176,ABF73BBB,0,1,1,4294967295,0,0
onbBlockkv,576,0,C942A429,0,1,1,4294967295,0,0
onbBlockkh,576,64,F86C95C6,0,1,1,4294967295,0,0
onbBlockkv,448,144,8CDB84BF,0,1,1,4294967295,0,0
onbBlockkv,448,112,74B81B93,0,1,1,4294967295,0,0
onbBlockkv,448,80,1A0A1C78,0,1,1,4294967295,0,0
onbBlockkv,448,176,65ED616B,0,1,1,4294967295,0,0
onbBlockkv,448,0,9195F963,0,1,1,4294967295,0,0
onbBlockkh,464,144,B420089F,0,1,1,4294967295,0,0
onbBlockkv,184,356,2059D5F6,0,1,1,4294967295,0,0
onbBlockkv,184,336,1E203BED,0,1,1,4294967295,0,0
onbBlockkv,184,304,A07060F3,0,1,1,4294967295,0,0
onbBlockkh,184,288,7330CA3E,0,1,1,4294967295,0,0
onbBlockkh,216,288,B64AE291,0,1,1,4294967295,0,0
onbBlockkh,240,288,BCDBB95D,0,1,1,4294967295,0,0
onbBlockkh,144,448,E6E02F80,0,1,1,4294967295,0,0
onbBlockkh,208,416,004A13B6,0,1,1,4294967295,0,0
onbBlockkh,240,416,B38237E0,0,1,1,4294967295,0,0
onbBlockkh,240,380,44A72552,0,1,1,4294967295,0,0
onbBlockkh,272,380,E2C585AC,0,1,1,4294967295,0,0
onbBlockkv,240,400,1C7CB27E,0,1,1,4294967295,0,0
onbBlockkv,368,384,83B5F34D,0,1,1,4294967295,0,0
onbBlockkv,368,352,1A543050,0,1,1,4294967295,0,0
onbBlockkv,368,320,534A3394,0,1,1,4294967295,0,0
onbBlockkv,320,272,0CC8E7D5,0,1,1,4294967295,0,0
onbBlockkv,320,240,AC38E16E,0,1,1,4294967295,0,0
onbBlockkv,320,208,1ADCFF10,0,1,1,4294967295,0,0
onbBlockkh,320,192,D38AB13F,0,1,1,4294967295,0,0
onbBlockkh,352,192,C8C6E045,0,1,1,4294967295,0,0
onbBlockkh,288,192,6544A1C7,0,1,1,4294967295,0,0
onbBlockkh,224,160,81A38240,0,1,1,4294967295,0,0
onbBlockkh,192,160,295332E7,0,1,1,4294967295,0,0
onbBlockkv,192,144,8C3E3B5B,0,1,1,4294967295,0,0
onbBlockkh,192,114,3DF57E4B,0,1,1,4294967295,0,0
onbBlockkv,176,16,83F93399,0,1,1,4294967295,0,0
onbBlockkv,224,64,961A36E0,0,1,1,4294967295,0,0
onbBlockkv,288,16,2EDE0FFE,0,1,1,4294967295,0,0
onbBlockkv,336,64,DE81D34E,0,1,1,4294967295,0,0
onbBlockkv,384,8,C4CA067B,0,1,1,4294967295,0,0
onbBlockkv,416,112,6ED705CB,0,1,1,4294967295,0,0
onbBlockkh,448,288,DF9B46E6,0,1,1,4294967295,0,0
onbBlockkh,512,288,EB030FCC,0,1,1,4294967295,0,0
onbBlockkh,544,288,16D90CED,0,1,1,4294967295,0,0
onbBlockkh,576,288,D72AD03D,0,1,1,4294967295,0,0
onbBlockkv,576,272,74073C3F,0,1,1,4294967295,0,0
onbBlockkv,576,240,52E67308,0,1,1,4294967295,0,0
SavePointHard,736,544,7CA09B0F,0,1,1,4294967295,0,0
onbBlockkh,720,448,92B4CB91,0,1,1,4294967295,0,0
onbBlockkv,704,384,B32B7794,0,1,1,4294967295,0,0
onbBlockkh,752,368,4196C017,0,1,1,4294967295,0,0
onbBlockkh,720,320,0EE92DAC,0,1,1,4294967295,0,0
onbBlockkv,592,352,8B520957,0,1,1,4294967295,0,0
onbBlockkh,576,336,D27A1E33,0,1,1,4294967295,0,0
onbBlockkv,552,352,88273D41,0,1,1,4294967295,0,0
onbBlockkh,544,336,D9DEE152,0,1,1,4294967295,0,0
onbBlockkv,552,384,AE1E3DF0,0,1,1,4294967295,0,0
onbBlockkv,552,416,28F0CF22,0,1,1,4294967295,0,0
onbBlockkv,608,504,9DED053C,0,1,1,4294967295,0,0
onbBlockkv,608,536,1D5AF319,0,1,1,4294967295,0,0
onbBlockkv,608,568,0DE1B5BE,0,1,1,4294967295,0,0
onbBlockkv,608,600,52C05F12,0,1,1,4294967295,0,0
onbBlockkv,704,304,95B49E96,0,1,1,4294967295,0,0
onbBlockkv,704,272,01F64DF7,0,1,1,4294967295,0,0
onbBlockkh,752,320,4E112611,0,1,1,4294967295,0,0
onbBlockkv,432,416,1EAF6A87,0,1,1,4294967295,0,0
onbBlockkv,432,392,9A926778,0,1,1,4294967295,0,0
onbBlockkv,432,392,4DB63B74,0,1,1,4294967295,0,0
onbBlockkh,448,384,EFF6582A,0,1,1,4294967295,0,0
onbBlockkv,408,512,5B9B0EEC,0,1,1,4294967295,0,0
onbBlockkv,408,544,B0D8A072,0,1,1,4294967295,0,0
onbBlockkh,416,456,D8B5F8D4,0,1,1,4294967295,0,0
onbBlockkh,344,508,3FD6B1BD,0,1,1,4294967295,0,0
onbBlockkv,344,508,D44891D3,0,1,1,4294967295,0,0
onbBlockkv,272,496,F1DA771F,0,1,1,4294967295,0,0
onbBlockkv,272,464,C667792F,0,1,1,4294967295,0,0
onbBlockkh,288,460,F7FDD099,0,1,1,4294967295,0,0
onbBlockkh,344,536,943261BF,0,1,1,4294967295,0,0
onbBlockkv,192,512,A8893965,0,1,1,4294967295,0,0
onbBlockkv,192,480,DAE64244,0,1,1,4294967295,0,0
onbBlockkv,192,448,C508B017,0,1,1,4294967295,0,0
SavePointHard,160,540,70622783,0,1,1,4294967295,0,0
onbBlockkv,50,416,F728C27A,0,1,1,4294967295,0,0
onbBlockkv,50,448,BC1C44F3,0,1,1,4294967295,0,0
onbBlockkv,48,544,50CA98CA,0,1,1,4294967295,0,0
onbBlockkh,60,528,66FB828F,0,1,1,4294967295,0,0
onbBlockkv,50,352,C241BFB9,0,1,1,4294967295,0,0
onbBlockkh,35,336,685708A1,0,1,1,4294967295,0,0
onbBlockkh,112,448,58A95F9A,0,1,1,4294967295,0,0
onbBlockkh,80,448,2CE10007,0,1,1,4294967295,0,0
onbBlockkh,176,448,8A5A8574,0,1,1,4294967295,0,0
onbBlockkv,35,320,83799616,0,1,1,4294967295,0,0
onbBlockkv,136,400,EB11FB05,0,1,1,4294967295,0,0
onbBlockkv,136,368,E271A3CB,0,1,1,4294967295,0,0
onbBlockkv,35,288,CA2248FF,0,1,1,4294967295,0,0
onbBlockkh,66,448,BB9A59B3,0,1,1,4294967295,0,0
onbBlockkv,240,368,39BCD91B,0,1,1,4294967295,0,0
onbBlockkv,255,304,A2D4A293,0,1,1,4294967295,0,0
onbBlockkv,280,364,2443DD49,0,1,1,4294967295,0,0
onbBlockkh,328,288,C7A556D6,0,1,1,4294967295,0,0
onbBlockkh,356,304,C71029F6,0,1,1,4294967295,0,0
onbBlockkv,288,288,79429080,0,1,1,4294967295,0,0
onbBlockkh,272,300,35CFEAC8,0,1,1,4294967295,0,0
SavePointHard,272,252,B18A9E7F,0,1,1,4294967295,0,0
onbBlockkh,168,192,10FFF5FC,0,1,1,4294967295,0,0
onbBlockkv,153,208,773BE1C1,0,1,1,4294967295,0,0
onbBlockkv,183,208,9EEC520C,0,1,1,4294967295,0,0
onbBlockkh,172,114,CC17EEB6,0,1,1,4294967295,0,0
onbBlockkv,564,160,6E7F7A6A,0,1,1,4294967295,0,0
onbBlockkv,564,128,57C23829,0,1,1,4294967295,0,0
onbBlockkv,564,96,663901B6,0,1,1,4294967295,0,0
onbBlockkv,564,80,5B3D6577,0,1,1,4294967295,0,0
onbBlockkv,564,80,C6C02107,0,1,1,4294967295,0,0
onbBlockkv,576,32,84174794,0,1,1,4294967295,0,0
onbBlockkv,576,48,738843AC,0,1,1,4294967295,0,0
onbBlockkv,576,48,31FBBAF8,0,1,1,4294967295,0,0
onbBlockkv,208,64,455B6519,0,1,1,4294967295,0,0
onbBlockkv,188,16,27057910,0,1,1,4294967295,0,0
onbBlockkv,352,64,78CC2D87,0,1,1,4294967295,0,0
onbBlockkh,372,64,C0A3545A,0,1,1,4294967295,0,0
onbBlockkv,364,176,8F97B715,0,1,1,4294967295,0,0
onbBlockkv,364,144,56560F80,0,1,1,4294967295,0,0
onbBlockkv,364,112,ECE5A490,0,1,1,4294967295,0,0
onbBlockkh,436,192,675609CD,0,1,1,4294967295,0,0
onbBlockkh,380,128,8C1BF919,0,1,1,4294967295,0,0
onbBlockkh,401,128,6DE57B9A,0,1,1,4294967295,0,0
onbBlockkv,288,-16,71AA258F,0,1,1,4294967295,0,0
onbBlockkv,384,-24,87AAD7B0,0,1,1,4294967295,0,0
SavePointHard,448,336,5D9340F5,0,1,1,4294967295,0,0
onbBlockkv,480,512,FD6BC1CB,0,1,1,4294967295,0,0
onbBlockkh,480,368,6CD88E1F,0,1,1,4294967295,0,0
onbBlockkh,512,368,F2657D48,0,1,1,4294967295,0,0
onbBlockkv,192,130,6B70D57A,0,1,1,4294967295,0,0
onbBlockkv,206,144,55FEBF30,0,1,1,4294967295,0,0
onbBlockkv,448,32,7C0D13D2,0,1,1,4294967295,0,0
onbBlockkv,448,56,F500390B,0,1,1,4294967295,0,0
onbBlockkv,448,56,3E3DF529,0,1,1,4294967295,0,0
onbBlockkv,464,292,F4B2F593,0,1,1,4294967295,0,0
onbBlockkv,464,316,10F53D5D,0,1,1,4294967295,0,0
onbBlockkv,464,316,198101FF,0,1,1,4294967295,0,0
onbBlockkh,752,256,AC30D928,0,1,1,4294967295,0,0
onbBlockkv,672,96,D4340EDD,0,1,1,4294967295,0,0
onbBlockkh,688,84,8E9595F6,0,1,1,4294967295,0,0
onbBlockkv,692,68,C5504AF5,0,1,1,4294967295,0,0
onbBlockkh,708,64,CEF95FD0,0,1,1,4294967295,0,0
onbBlockkv,716,48,56ADBAB8,0,1,1,4294967295,0,0
onbBlockkh,656,88,70D082D4,0,1,1,4294967295,0,0
onbBlockkv,616,88,B662E8AD,0,1,1,4294967295,0,0
onbBlockkh,632,88,29B7CD0C,0,1,1,4294967295,0,0
onbBlockkh,740,64,9F408E84,0,1,1,4294967295,0,0
onbBlockkh,772,64,94B3D8BB,0,1,1,4294967295,0,0
onbBlockkh,688,320,30C969A7,0,1,1,4294967295,0,0
onbBlockkh,676,320,7CF1B6EC,0,1,1,4294967295,0,0
onbBlockkh,676,320,939BA571,0,1,1,4294967295,0,0
onbBlockkh,608,288,213A2446,0,1.125,1,4294967295,0,0
onbBlockkh,644,320,13B3E7F9,0,1,1,4294967295,0,0
PlayerStart,768,544,F37FC13D,0,1,1,4294967295,0,0
